

+358400300555
+358400301317
+358400307017
+358400307537
+358400308118
+358400311231
+358400311313
+358400311531
+358400313977
+358400314037
+358400315500
+358400316624
+358400319795
+358400320629
+358400320753
+358400321664
+358400322729
+358400322857
+358400323214
+358400324990
+358400324993
+358400329200
+358400329293
+358400331002
+358400331344
+358400333561
+358400337453
+358400341291
+358400342122
+358400342161
+358400342276
+358400342922
+358400342975
+358400343200
+358400346658
+358400347160
+358400347972
+358400349245
+358400349263
+358400350595
+358400350858
+358400351521
+358400353352
+358400353576
+358400353798
+358400355071
+358400355600
+358400355775
+358400355875
+358400357450
+358400358643
+358400359968
+358400362785
+358400362842
+358400363360
+358400363932
+358400365098
+358400365435
+358400365528
+358400366789
+358400368495
+358400369600
+358400369630
+358400369880
+358400371165
+358400375808
+358400375918
+358400376364
+358400377796
+358400380207
+358400381072
+358400381996
+358400382782
+358400382792
+358400384834
+358400393699
+358400393743
+358400394477
+358400396652
+358400398220
+358400401597
+358400401631
+358400403070
+358400404472
+358400405026
+358400405043
+358400405817
+358400405874
+358400406061
+358400406149
+358400406328
+358400406917
+358400409107
+358400410170
+358400410619
+358400411057
+358400412095
+358400412559
+358400412583
+358400413096
+358400413106
+358400413293
+358400414803
+358400415232
+358400415436
+358400415852
+358400416353
+358400416408
+358400416667
+358400417104
+358400417439
+358400417476
+358400417738
+358400419675
+358400420016
+358400420162
+358400420590
+358400420711
+358400420845
+358400421865
+358400422237
+358400422268
+358400422444
+358400422940
+358400423489
+358400424955
+358400425712
+358400426400
+358400426539
+358400427605
+358400427779
+358400428453
+358400428679
+358400428703
+358400429121
+358400429129
+358400429237
+358400430263
+358400430494
+358400431082
+358400432395
+358400432515
+358400432926
+358400433485
+358400433614
+358400434973
+358400435383
+358400435684
+358400436170
+358400436550
+358400436572
+358400436707
+358400437121
+358400437278
+358400438988
+358400440023
+358400442006
+358400442060
+358400442902
+358400443720
+358400444166
+358400444279
+358400444324
+358400444572
+358400444767
+358400445514
+358400446206
+358400447285
+358400450090
+358400450156
+358400451090
+358400451714
+358400452006
+358400454056
+358400454438
+358400456870
+358400457322
+358400457485
+358400457891
+358400457895
+358400457990
+358400459272
+358400459354
+358400459544
+358400459988
+358400460400
+358400460478
+358400460623
+358400460971
+358400461305
+358400461963
+358400463105
+358400464271
+358400464374
+358400465729
+358400465985
+358400466454
+358400466725
+358400467164
+358400468596
+358400470110
+358400471665
+358400472785
+358400473021
+358400473022
+358400473397
+358400474225
+358400474928
+358400475913
+358400476407
+358400477024
+358400477331
+358400477394
+358400478057
+358400481780
+358400482414
+358400483939
+358400484116
+358400484699
+358400486079
+358400487192
+358400487212
+358400487664
+358400487986
+358400488364
+358400489705
+358400489925
+358400490115
+358400490282
+358400490588
+358400490789
+358400490987
+358400491221
+358400492039
+358400492331
+358400492416
+358400493040
+358400493584
+358400494408
+358400494618
+358400494662
+358400495312
+358400497912
+358400498596
+358400499072
+358400499436
+358407104292
+358407115476
+358407116194
+358407136905
+358407145349
+358407150257
+358407150451
+358407150640
+358407150694
+358407150736
+358407150811
+358407152022
+358407152923
+358407152980
+358407153059
+358407153461
+358407153538
+358407155149
+358407155585
+358407155929
+358407156070
+358407156548
+358407156759
+358407156968
+358407158032
+358407158294
+358407158865
+358407159165
+358407159788
+358407159922
+358407160449
+358407160632
+358407161431
+358407163952
+358407164771
+358407165844
+358407166058
+358407166994
+358407167252
+358407167294
+358407167874
+358407167897
+358407167905
+358407167944
+358407169575
+358407169790
+358407172208
+358407172458
+358407172521
+358407172712
+358407173571
+358407174193
+358407175661
+358407175980
+358407176832
+358407177734
+358407178565
+358407178739
+358407179499
+358407179597
+358407179866
+358407179881
+358407180346
+358407180625
+358407180767
+358407181018
+358407181480
+358407181700
+358407182032
+358407182260
+358407183090
+358407183379
+358407184591
+358407185420
+358407185596
+358407185643
+358407185802
+358407186713
+358407186737
+358407186834
+358407186912
+358407187449
+358407188647
+358407189170
+358407189277
+358407189525
+358407189754
+358407190947
+358407191538
+358407192096
+358407192789
+358407192802
+358407193503
+358407193919
+358407194090
+358407194621
+358407194654
+358407194683
+358407196355
+358407196440
+358407196560
+358407196767
+358407197493
+358407198321
+358407198456
+358407198974
+358407199125
+358407199646
+358407199884
+358407200388
+358407200406
+358407200999
+358407201333
+358407201413
+358407201639
+358407201828
+358407202100
+358407202349
+358407203115
+358407203850
+358407204288
+358407204591
+358407204678
+358407204909
+358407205404
+358407205658
+358407205685
+358407206172
+358407206227
+358407206397
+358407206941
+358407207262
+358407207398
+358407207795
+358407207844
+358407207879
+358407209241
+358407209263
+358407209498
+358407209920
+358407210697
+358407211124
+358407211290
+358407211745
+358407212296
+358407212549
+358407212940
+358407214123
+358407214170
+358407214581
+358407216107
+358407216264
+358407218070
+358407218311
+358407218388
+358407218952
+358407219245
+358407219392
+358407219509
+358407219555
+358407219972
+358407220953
+358407221345
+358407223297
+358407223469
+358407223864
+358407225279
+358407225329
+358407225670
+358407225683
+358407225971
+358407226594
+358407226669
+358407226798
+358407227905
+358407228771
+358407228899
+358407229421
+358407229644
+358407231017
+358407231087
+358407231138
+358407231286
+358407231426
+358407231700
+358407232267
+358407234385
+358407234581
+358407234833
+358407234948
+358407235153
+358407235222
+358407235362
+358407235405
+358407236836
+358407236991
+358407237245
+358407237286
+358407237588
+358407238539
+358407238892
+358407239042
+358407239117
+358407239542
+358407239682
+358407239741
+358407239797
+358407239821
+358407240181
+358407240642
+358407240946
+358407241045
+358407241156
+358407241701
+358407241738
+358407241913
+358407243033
+358407243108
+358407243446
+358407243583
+358407243607
+358407244175
+358407245153
+358407245385
+358407245480
+358407245554
+358407246931
+358407247107
+358407247205
+358407247271
+358407247629
+358407248376
+358407248496
+358407248547
+358407248609
+358407248713
+358407249036
+358407249218
+358407249514
+358407250149
+358407251551
+358407251713
+358407253234
+358407254423
+358407255009
+358407255190
+358407255504
+358407256300
+358407257024
+358407257122
+358407257150
+358407257560
+358407257610
+358407257784
+358407257962
+358407258130
+358407258348
+358407258514
+358407258531
+358407258714
+358407259451
+358407260008
+358407260833
+358407261298
+358407261568
+358407261690
+358407263265
+358407263847
+358407264558
+358407265020
+358407265513
+358407265685
+358407266032
+358407266191
+358407267311
+358407267313
+358407267688
+358407268024
+358407268615
+358407268762
+358407268786
+358407270312
+358407270575
+358407271676
+358407272293
+358407272331
+358407272622
+358407273949
+358407274210
+358407274499
+358407274578
+358407274758
+358407275033
+358407275165
+358407275281
+358407275791
+358407276084
+358407276202
+358407276558
+358407276709
+358407276843
+358407276963
+358407277751
+358407277850
+358407277953
+358407279501
+358407280131
+358407280245
+358407281076
+358407282046
+358407283903
+358407284121
+358407284453
+358407284638
+358407285265
+358407285814
+358407286185
+358407286738
+358407287096
+358407287520
+358407287983
+358407288185
+358407288594
+358407288914
+358407289079
+358407289841
+358407289948
+358407290215
+358407290220
+358407290532
+358407290901
+358407290978
+358407291548
+358407291969
+358407292117
+358407292139
+358407292152
+358407292460
+358407292499
+358407292504
+358407293875
+358407294056
+358407294067
+358407294727
+358407295492
+358407296624
+358407297016
+358407297366
+358407297535
+358407297572
+358407298148
+358407298232
+358407298440
+358407298668
+358407298902
+358440101248
+358440101950
+358440110650
+358440110653
+358440112314
+358440120649
+358440121336
+358440122143
+358440122803
+358440130105
+358440131819
+358440131944
+358440150859
+358440150944
+358440151156
+358440159700
+358440161136
+358440161278
+358440162675
+358440170041
+358440180346
+358440185933
+358440190841
+358449015101
+358449064411
+358449064718
+358449064868
+358449111470
+358449114888
+358449156577
+358449160708
+358449161088
+358449180124
+358449184218
+358452504502
+358452511323
+358452515885
+358452519769
+358452521296
+358452526888
+358452547113
+358452550789
+358452564099
+358452565306
+358452573551
+358452577137
+358452579662
+358452587929
+358452588554
+358452599213
+358452601466
+358452602205
+358452611461
+358452614992
+358452616200
+358452617138
+358452617315
+358452618363
+358452620281
+358452625098
+358452629660
+358452632676
+358452637499
+358452638259
+358452644222
+358452645200
+358452646310
+358452654870
+358452656897
+358452659566
+358452661857
+358452662058
+358452663611
+358452678126
+358452684289
+358452689660
+358452691948
+358452691974
+358452692444
+358466816201
+358466869848
+358466897148
+358466899234
+358500300780
+358500305456
+358500308717
+358500321721
+358500322217
+358500322690
+358500322704
+358500323210
+358500323514
+358500329122
+358500335354
+358500335705
+358500337011
+358500337748
+358500351879
+358500353078
+358500355881
+358500364706
+358500368278
+358500371234
+358500374469
+358500375186
+358500392918
+358500393619
+358500393943
+358500400018
+358500401915
+358500408633
+358500408646
+358500410275
+358500413372
+358500419056
+358500437144
+358500438326
+358500440814
+358500441689
+358500442603
+358500444383
+358500449057
+358500449486
+358500452858
+358500454494
+358500455740
+358500457268
+358500464281
+358500465085
+358500465614
+358500466476
+358500466691
+358500473615
+358500476704
+358500481342
+358500498401
+358503501184
+358503501357
+358503502041
+358503502672
+358503503358
+358503503431
+358503503688
+358503503700
+358503503771
+358503503791
+358503504022
+358503504221
+358503504375
+358503505158
+358503505480
+358503505491
+358503505976
+358503506107
+358503506351
+358503507767
+358503507953
+358503509484
+358503510209
+358503510620
+358503511124
+358503511183
+358503511274
+358503512624
+358503514178
+358503514187
+358503514231
+358503514482
+358503514572
+358503515244
+358503515401
+358503515485
+358503516048
+358503516673
+358503516954
+358503517170
+358503517952
+358503518385
+358503518754
+358503520365
+358503520475
+358503520553
+358503521611
+358503522129
+358503522166
+358503523010
+358503523569
+358503523797
+358503524320
+358503524848
+358503524964
+358503525291
+358503525525
+358503526388
+358503526767
+358503527489
+358503527943
+358503528495
+358503529247
+358503529340
+358503529508
+358503530445
+358503530555
+358503531012
+358503531383
+358503532806
+358503533210
+358503533413
+358503533445
+358503534240
+358503535664
+358503535949
+358503536245
+358503536279
+358503536881
+358503537108
+358503537453
+358503538806
+358503539594
+358503541347
+358503542064
+358503543921
+358503544499
+358503544509
+358503544845
+358503545678
+358503545954
+358503546962
+358503547096
+358503547268
+358503547961
+358503549500
+358503549526
+358503551187
+358503551340
+358503551564
+358503552037
+358503552073
+358503552176
+358503552235
+358503552487
+358503553058
+358503553180
+358503553892
+358503553991
+358503554067
+358503554128
+358503554324
+358503554343
+358503555784
+358503555859
+358503556889
+358503557500
+358503558728
+358503559034
+358503560446
+358503561286
+358503561520
+358503562005
+358503562099
+358503563609
+358503564451
+358503565875
+358503566864
+358503567171
+358503567286
+358503567518
+358503567993
+358503568647
+358503569519
+358503570399
+358503570685
+358503570999
+358503572603
+358503572655
+358503572945
+358503573047
+358503573057
+358503573456
+358503573567
+358503573819
+358503573975
+358503574083
+358503574280
+358503574349
+358503574974
+358503575149
+358503576613
+358503576728
+358503576947
+358503577553
+358503578752
+358503579018
+358503580066
+358503581431
+358503582175
+358503582497
+358503583274
+358503583511
+358503583680
+358503584171
+358503584242
+358503584520
+358503584976
+358503585129
+358503585208
+358503585513
+358503586001
+358503586491
+358503587139
+358503587387
+358503588063
+358503588360
+358503588394
+358503588534
+358503588733
+358503588830
+358503588878
+358503589697
+358503589921
+358503591129
+358503591738
+358503592663
+358503592830
+358503593413
+358503594320
+358503594401
+358503594855
+358503595421
+358503595450
+358503595730
+358503595789
+358503596253
+358503596598
+358503597369
+358503597891
+358503597948
+358503599185
+358503600982
+358503602590
+358503603334
+358503604820
+358503605143
+358503605193
+358503605464
+358503606241
+358503606473
+358503606714
+358503606835
+358503606843
+358503607029
+358503607143
+358503607176
+358503607634
+358503608311
+358503608686
+358503608704
+358503608838
+358503609722
+358503610298
+358503610453
+358503611451
+358503611672
+358503611717
+358503611820
+358503612277
+358503612418
+358503612875
+358503614074
+358503614592
+358503614670
+358503615126
+358503615589
+358503617213
+358503618658
+358503619048
+358503619536
+358503619845
+358503619924
+358503620020
+358503620135
+358503620746
+358503620854
+358503620966
+358503621562
+358503622276
+358503622767
+358503622780
+358503622782
+358503623046
+358503623606
+358503623933
+358503624075
+358503624538
+358503624644
+358503625005
+358503625023
+358503625469
+358503626425
+358503626570
+358503626664
+358503626694
+358503627210
+358503627401
+358503627427
+358503628474
+358503628476
+358503628858
+358503628939
+358503630833
+358503631076
+358503632568
+358503632623
+358503632813
+358503633783
+358503634159
+358503636249
+358503637527
+358503637741
+358503637753
+358503639400
+358503639957
+358503642144
+358503642516
+358503642540
+358503643665
+358503644206
+358503644267
+358503644313
+358503644604
+358503645074
+358503645624
+358503645700
+358503647443
+358503647461
+358503647906
+358503649187
+358503650247
+358503650269
+358503651486
+358503651628
+358503652301
+358503652532
+358503653160
+358503653390
+358503653729
+358503653752
+358503654363
+358503654451
+358503654480
+358503655261
+358503657334
+358503657990
+358503658075
+358503658252
+358503658389
+358503658731
+358503659963
+358503660864
+358503661239
+358503662241
+358503662286
+358503663216
+358503664116
+358503664589
+358503664934
+358503665740
+358503665767
+358503666238
+358503666564
+358503668095
+358503668157
+358503668222
+358503668272
+358503671607
+358503671905
+358503672640
+358503672884
+358503673116
+358503673601
+358503673887
+358503673951
+358503673965
+358503675736
+358503676568
+358503676622
+358503677920
+358503678465
+358503679120
+358503680165
+358503680787
+358503681068
+358503681531
+358503681700
+358503681958
+358503682002
+358503682295
+358503682868
+358503682977
+358503683576
+358503683602
+358503683880
+358503684029
+358503684986
+358503685426
+358503685511
+358503685668
+358503687735
+358503687952
+358503689251
+358503689639
+358503690099
+358503690113
+358503690630
+358503690789
+358503691735
+358503691749
+358503691893
+358503693044
+358503694518
+358503694520
+358503695035
+358503695168
+358503695457
+358503695518
+358503696277
+358503698652
+358503698739
+358503698787
+358503699181
+358503699550
+358503699655
+358503699846
+358503699936
+358505201862
+358505202303
+358505202708
+358505203062
+358505203069
+358505204654
+358505205256
+358505205260
+358505206186
+358505206460
+358505206538
+358505207008
+358505207132
+358505207421
+358505207878
+358505208089
+358505210157
+358505212145
+358505216290
+358505216336
+358505216370
+358505216878
+358505217801
+358505218424
+358505219213
+358505219579
+358505219792
+358505219942
+358505220064
+358505220122
+358505220257
+358505220444
+358505221165
+358505222366
+358505222568
+358505222745
+358505223318
+358505223319
+358505223951
+358505223965
+358505224202
+358505225351
+358505226252
+358505226254
+358505226492
+358505226802
+358505227094
+358505227212
+358505227727
+358505227845
+358505228675
+358505229145
+358505230253
+358505231982
+358505232104
+358505232375
+358505232395
+358505233035
+358505233590
+358505233845
+358505233992
+358505234913
+358505235451
+358505235926
+358505237751
+358505239561
+358505239753
+358505240592
+358505240607
+358505241243
+358505241796
+358505242172
+358505242774
+358505242888
+358505242908
+358505244754
+358505246248
+358505246778
+358505247300
+358505247772
+358505248184
+358505248252
+358505249045
+358505249219
+358505252436
+358505253323
+358505253325
+358505254758
+358505256068
+358505256361
+358505256953
+358505257207
+358505257951
+358505257988
+358505258523
+358505260902
+358505261871
+358505262230
+358505262678
+358505262857
+358505263019
+358505263056
+358505263405
+358505263868
+358505264460
+358505265377
+358505266893
+358505268323
+358505268496
+358505270214
+358505270411
+358505270474
+358505270509
+358505272700
+358505272868
+358505273832
+358505273900
+358505274330
+358505274711
+358505275197
+358505275644
+358505276907
+358505277538
+358505277940
+358505278158
+358505278309
+358505278380
+358505279530
+358505279775
+358505281756
+358505282122
+358505282343
+358505283164
+358505283188
+358505283355
+358505283530
+358505284516
+358505285031
+358505285053
+358505285692
+358505285860
+358505288775
+358505291365
+358505293594
+358505298538
+358505298710
+358505299306
+358505299766
+358505303745
+358505304071
+358505304074
+358505304142
+358505304625
+358505305111
+358505305841
+358505307054
+358505307666
+358505308106
+358505308462
+358505310000
+358505311212
+358505311840
+358505312220
+358505312339
+358505312619
+358505313440
+358505314267
+358505314505
+358505314572
+358505314674
+358505314697
+358505315631
+358505316068
+358505316184
+358505316233
+358505316490
+358505316569
+358505316728
+358505317576
+358505317753
+358505317873
+358505317948
+358505318273
+358505318445
+358505318717
+358505318986
+358505319032
+358505319782
+358505320658
+358505321217
+358505321452
+358505321711
+358505321964
+358505322429
+358505322438
+358505322490
+358505322574
+358505323203
+358505325815
+358505327357
+358505327711
+358505327872
+358505327884
+358505327948
+358505328106
+358505328320
+358505328514
+358505328615
+358505330621
+358505330795
+358505331144
+358505331391
+358505331410
+358505331631
+358505331768
+358505331861
+358505332902
+358505333684
+358505333777
+358505334182
+358505335145
+358505335816
+358505335871
+358505335950
+358505335951
+358505336037
+358505336417
+358505336437
+358505336667
+358505336721
+358505337663
+358505340138
+358505340143
+358505340264
+358505341091
+358505341131
+358505341648
+358505343008
+358505343543
+358505343644
+358505343957
+358505344180
+358505345567
+358505345763
+358505345800
+358505347125
+358505347349
+358505347974
+358505348540
+358505348647
+358505350307
+358505350719
+358505352878
+358505353550
+358505353581
+358505353606
+358505353727
+358505353797
+358505354714
+358505354826
+358505354858
+358505356122
+358505356382
+358505356443
+358505357433
+358505357449
+358505358218
+358505358461
+358505358690
+358505358820
+358505359751
+358505360800
+358505361041
+358505361116
+358505361801
+358505363429
+358505364274
+358505365241
+358505365870
+358505366123
+358505366150
+358505366647
+358505366920
+358505367149
+358505367176
+358505367726
+358505367937
+358505368055
+358505368660
+358505369482
+358505370394
+358505372960
+358505373758
+358505374858
+358505375651
+358505376178
+358505376744
+358505377512
+358505377633
+358505377696
+358505378230
+358505378401
+358505379110
+358505380350
+358505380496
+358505381151
+358505381674
+358505383728
+358505384375
+358505385728
+358505387030
+358505387185
+358505387781
+358505388459
+358505388911
+358505390102
+358505391135
+358505391578
+358505395488
+358505395656
+358505396473
+358505396713
+358505397015
+358505398287
+358505399101